%%MatrixMarket matrix coordinate real general
% matrix 
% is written by INMOST
% by MPI_File_* api
1329 1329 8565
1 122 -5.663041667308904e+01
1 12 -1.511877097807563e+01
1 1 9.353449620905189e+01
1 2 -2.178530855788722e+01
2 123 -5.749993720074675e+01
2 13 -2.065184122120237e+01
2 3 -2.705288288393552e+01
2 1 -2.178530855788722e+01
2 2 1.269899698637718e+02
3 124 -6.939269721108494e+01
3 14 -2.099213799041000e+01
3 4 -2.297998162297884e+01
3 2 -2.705288288393552e+01
3 3 1.404176997084093e+02
4 125 -5.871311800419237e+01
4 15 -1.586694272348931e+01
4 5 -2.086340684974312e+01
4 3 -2.297998162297884e+01
4 4 1.184234492004037e+02
5 126 -6.040265073929719e+01
5 16 -1.570826573545304e+01
5 6 -1.932464782170580e+01
5 4 -2.086340684974312e+01
5 5 1.162989711461992e+02
6 127 -5.029205158432567e+01
6 17 -1.623717751753527e+01
6 7 -2.438012830544928e+01
6 5 -1.932464782170580e+01
6 6 1.102340052290160e+02
7 128 -5.885677900144233e+01
7 18 -1.493618536770455e+01
7 8 -2.375078228496579e+01
7 6 -2.438012830544928e+01
7 7 1.219238749595619e+02
8 129 -5.368462502938553e+01
8 19 -1.097665480175542e+01
8 9 -1.828582909149129e+01
8 7 -2.375078228496579e+01
8 8 1.066978912075980e+02
9 130 -4.129157292439007e+01
9 20 -1.005603143155326e+01
9 10 -2.311965773071668e+01
9 8 -1.828582909149129e+01
9 9 9.275309117815129e+01
10 131 -5.436187939751927e+01
10 21 -2.111845252251768e+01
10 11 -2.367578596905376e+01
10 9 -2.311965773071668e+01
10 10 1.222757756198074e+02
11 132 -5.646962915735380e+01
11 22 -1.665943969249685e+01
11 10 -2.367578596905376e+01
11 11 9.680485481890440e+01
12 133 -5.587179755834498e+01
12 23 -1.994626354010516e+01
12 13 -2.054466747060411e+01
12 1 -1.511877097807563e+01
12 12 1.114814995471299e+02
13 134 -4.560601591475828e+01
13 24 -1.742928475078143e+01
13 14 -2.699673490852629e+01
13 12 -2.054466747060411e+01
13 2 -2.065184122120237e+01
13 13 1.312285442658725e+02
14 135 -5.208081136304155e+01
14 25 -2.203102187670290e+01
14 15 -2.630910897247449e+01
14 13 -2.699673490852629e+01
14 3 -2.099213799041000e+01
14 14 1.484098151111552e+02
15 136 -6.653327034690865e+01
15 26 -1.943036213686622e+01
15 16 -1.984685131416220e+01
15 14 -2.630910897247449e+01
15 4 -1.586694272348931e+01
15 15 1.479865354939009e+02
16 137 -6.844699626198292e+01
16 27 -1.951513533849607e+01
16 17 -1.659362231600949e+01
16 15 -1.984685131416220e+01
16 5 -1.570826573545304e+01
16 16 1.401108709661037e+02
17 138 -5.651644779063492e+01
17 28 -2.262279499013528e+01
17 18 -1.937363496400438e+01
17 16 -1.659362231600949e+01
17 6 -1.623717751753527e+01
17 17 1.313436775783193e+02
18 139 -5.621657043142896e+01
18 29 -2.088718244134954e+01
18 19 -2.907007005287721e+01
18 17 -1.937363496400438e+01
18 7 -1.493618536770455e+01
18 18 1.404836432573646e+02
19 140 -6.601224238808688e+01
19 30 -1.148424904965680e+01
19 20 -1.524510185705813e+01
19 18 -2.907007005287721e+01
19 8 -1.097665480175542e+01
19 19 1.327883181494344e+02
20 141 -4.105067542186391e+01
20 31 -1.136773084324332e+01
20 21 -3.371458918434149e+01
20 19 -1.524510185705813e+01
20 9 -1.005603143155326e+01
20 20 1.114341287380601e+02
21 142 -6.598755040219029e+01
21 32 -1.360316755645730e+01
21 22 -2.252801275013629e+01
21 20 -3.371458918434149e+01
21 10 -2.111845252251768e+01
21 21 1.569517724156431e+02
22 143 -4.790961462593583e+01
22 33 -1.525827597265815e+01
22 21 -2.252801275013629e+01
22 11 -1.665943969249685e+01
22 22 1.023553430412271e+02
23 144 -6.000358128833862e+01
23 34 -2.266999459782875e+01
23 24 -1.851909788388936e+01
23 12 -1.994626354010516e+01
23 23 1.211389373101619e+02
24 145 -4.755789582006449e+01
24 35 -1.311678497060881e+01
24 25 -2.138426182300041e+01
24 23 -1.851909788388936e+01
24 13 -1.742928475078143e+01
24 24 1.180073252483445e+02
25 146 -5.314114739794425e+01
25 36 -1.905850524991646e+01
25 26 -2.461816110116238e+01
25 24 -2.138426182300041e+01
25 14 -2.203102187670290e+01
25 25 1.402330974487264e+02
26 147 -4.728763248403482e+01
26 37 -1.498406507361910e+01
26 27 -2.164148568377190e+01
26 25 -2.461816110116238e+01
26 15 -1.943036213686622e+01
26 26 1.279617064794544e+02
27 148 -6.663201536327814e+01
27 38 -2.523617941954765e+01
27 28 -2.287330390200463e+01
27 26 -2.164148568377190e+01
27 16 -1.951513533849607e+01
27 27 1.558981197070984e+02
28 149 -5.784490758069769e+01
28 39 -1.383044395167161e+01
28 29 -1.406556798344093e+01
28 27 -2.287330390200463e+01
28 17 -2.262279499013528e+01
28 28 1.312370184079501e+02
29 150 -5.163935998065013e+01
29 40 -1.351944576811959e+01
29 30 -1.772155566725718e+01
29 28 -1.406556798344093e+01
29 18 -2.088718244134954e+01
29 29 1.178331118408174e+02
30 151 -6.565287866148012e+01
30 41 -1.424392525452773e+01
30 31 -1.621639939017778e+01
30 29 -1.772155566725718e+01
30 19 -1.148424904965680e+01
30 30 1.253190080230996e+02
31 152 -3.161608250007823e+01
31 42 -1.124490127380692e+01
31 32 -3.466673207795542e+01
31 30 -1.621639939017778e+01
31 20 -1.136773084324332e+01
31 31 1.051118460852617e+02
32 153 -8.059058183410588e+01
32 43 -1.585466832712617e+01
32 33 -2.693076500419594e+01
32 31 -3.466673207795542e+01
32 21 -1.360316755645730e+01
32 32 1.716459147998407e+02
33 154 -6.492700636975482e+01
33 44 -1.542615844526061e+01
33 32 -2.693076500419594e+01
33 22 -1.525827597265815e+01
33 33 1.225422057918695e+02
34 155 -6.325985551277847e+01
34 45 -1.837357600215622e+01
34 35 -1.420939844664081e+01
34 23 -2.266999459782875e+01
34 34 1.185128245594043e+02
35 156 -5.520371758720785e+01
35 46 -1.791328161241952e+01
35 36 -2.312991808219631e+01
35 34 -1.420939844664081e+01
35 24 -1.311678497060881e+01
35 35 1.235731006990733e+02
36 157 -6.490539764729873e+01
36 47 -1.881045251193035e+01
36 37 -2.106122356790631e+01
36 35 -2.312991808219631e+01
36 25 -1.905850524991646e+01
36 36 1.469654970592482e+02
37 158 -4.076037600275350e+01
37 48 -1.561261768141965e+01
37 38 -3.410470416074222e+01
37 36 -2.106122356790631e+01
37 26 -1.498406507361910e+01
37 37 1.265229864864408e+02
38 159 -7.402142668392941e+01
38 49 -2.472657321623727e+01
38 39 -1.709933330916655e+01
38 37 -3.410470416074222e+01
38 27 -2.523617941954765e+01
38 38 1.751882167896231e+02
39 160 -6.108541764727646e+01
39 50 -2.238142167441048e+01
39 40 -2.186680719679788e+01
39 38 -1.709933330916655e+01
39 28 -1.383044395167161e+01
39 39 1.362634237793230e+02
40 161 -6.540179014340872e+01
40 51 -1.501274813122711e+01
40 41 -1.865242292359477e+01
40 39 -2.186680719679788e+01
40 29 -1.351944576811959e+01
40 40 1.344532141631481e+02
41 162 -5.907535743165358e+01
41 52 -1.191310705789845e+01
41 42 -1.685199284526308e+01
41 40 -1.865242292359477e+01
41 30 -1.424392525452773e+01
41 41 1.207368055129376e+02
42 163 -4.493131146343953e+01
42 53 -1.165168379985077e+01
42 43 -2.486303715047577e+01
42 41 -1.685199284526308e+01
42 31 -1.124490127380692e+01
42 42 1.095429265328361e+02
43 164 -4.932643321494263e+01
43 54 -9.840721870119445e+00
43 44 -1.799716453936965e+01
43 42 -2.486303715047577e+01
43 32 -1.585466832712617e+01
43 43 1.178820251020337e+02
44 165 -4.809530936238285e+01
44 55 -1.253847690341495e+01
44 43 -1.799716453936965e+01
44 33 -1.542615844526061e+01
44 44 9.405710925042806e+01
45 166 -4.574169260405185e+01
45 56 -9.397442871660525e+00
45 46 -1.753217459267426e+01
45 34 -1.837357600215622e+01
45 45 9.104488607054284e+01
46 167 -5.094762098202246e+01
46 57 -2.065455554325312e+01
46 47 -1.817222911124532e+01
46 45 -1.753217459267426e+01
46 35 -1.791328161241952e+01
46 46 1.252198618416147e+02
47 168 -6.101713188040575e+01
47 58 -1.647415319585316e+01
47 48 -1.771372869908688e+01
47 46 -1.817222911124532e+01
47 36 -1.881045251193035e+01
47 47 1.321876953985214e+02
48 169 -3.949428430930659e+01
48 59 -1.125792718963775e+01
48 49 -2.936289226725721e+01
48 47 -1.771372869908688e+01
48 37 -1.561261768141965e+01
48 48 1.134414501467081e+02
49 170 -3.644598237652813e+01
49 60 -1.098784221650284e+01
49 50 -2.703955404750365e+01
49 48 -2.936289226725721e+01
49 38 -2.472657321623727e+01
49 49 1.285628441240291e+02
50 171 -4.617318669481092e+01
50 61 -1.224374532661064e+01
50 51 -2.179533857058344e+01
50 49 -2.703955404750365e+01
50 39 -2.238142167441048e+01
50 50 1.296332463139191e+02
51 172 -5.585488499457282e+01
51 62 -1.494906710121653e+01
51 52 -2.152268873029232e+01
51 50 -2.179533857058344e+01
51 40 -1.501274813122711e+01
51 51 1.291347275278922e+02
52 173 -5.274875465359900e+01
52 63 -1.180916932650907e+01
52 53 -2.519451638842007e+01
52 51 -2.152268873029232e+01
52 41 -1.191310705789845e+01
52 52 1.231882361567189e+02
53 174 -7.593104573206045e+01
53 64 -1.136325103085227e+01
53 54 -1.633728851164805e+01
53 52 -2.519451638842007e+01
53 42 -1.165168379985077e+01
53 53 1.404777854628316e+02
54 175 -6.165096875734724e+01
54 65 -1.560042325230315e+01
54 55 -1.649544667850601e+01
54 53 -1.633728851164805e+01
54 43 -9.840721870119445e+00
54 54 1.199248490699239e+02
55 176 -5.622729838985871e+01
55 66 -1.461522725467140e+01
55 54 -1.649544667850601e+01
55 44 -1.253847690341495e+01
55 55 9.987644922645109e+01
56 177 -6.417015846215635e+01
56 67 -1.806193227925156e+01
56 57 -2.693268392943370e+01
56 45 -9.397442871660525e+00
56 56 1.185622175425021e+02
57 178 -6.213921701203655e+01
57 68 -1.520079570807413e+01
57 58 -1.543713121978580e+01
57 56 -2.693268392943370e+01
57 46 -2.065455554325312e+01
57 57 1.403643834125833e+02
58 179 -4.308165380576997e+01
58 69 -1.013884100842552e+01
58 59 -1.705662417873927e+01
58 57 -1.543713121978580e+01
58 47 -1.647415319585316e+01
58 58 1.021884034085737e+02
59 180 -4.923854366437024e+01
59 70 -1.489512543443781e+01
59 60 -2.704997167592929e+01
59 58 -1.705662417873927e+01
59 48 -1.125792718963775e+01
59 59 1.194981921431144e+02
60 181 -6.806997674083821e+01
60 71 -1.146472682161725e+01
60 61 -2.241265811496501e+01
60 59 -2.704997167592929e+01
60 49 -1.098784221650284e+01
60 60 1.399851755698526e+02
61 182 -4.738837230205135e+01
61 72 -1.418245995265272e+01
61 62 -2.273268251040853e+01
61 60 -2.241265811496501e+01
61 50 -1.224374532661064e+01
61 61 1.189599182066883e+02
62 183 -6.098569000344661e+01
62 73 -1.263202109607342e+01
62 63 -2.422450189842911e+01
62 61 -2.273268251040853e+01
62 51 -1.494906710121653e+01
62 62 1.355239626095742e+02
63 184 -6.013261902317766e+01
63 74 -7.579195207012886e+00
63 64 -1.950669029263349e+01
63 62 -2.422450189842911e+01
63 52 -1.180916932650907e+01
63 63 1.232521757477622e+02
64 185 -4.969649368127342e+01
64 75 -7.571220764990806e+00
64 65 -1.891627060876648e+01
64 63 -1.950669029263349e+01
64 53 -1.136325103085227e+01
64 64 1.070539263785165e+02
65 186 -6.657100336146597e+01
65 76 -2.142289177583578e+01
65 66 -1.544929064647186e+01
65 64 -1.891627060876648e+01
65 54 -1.560042325230315e+01
65 65 1.379598796448432e+02
66 187 -4.983222380869465e+01
66 77 -1.523351932075593e+01
66 65 -1.544929064647186e+01
66 55 -1.461522725467140e+01
66 66 9.513026103059384e+01
67 188 -4.805073725553075e+01
67 78 -1.582075142666398e+01
67 68 -2.877436139646320e+01
67 56 -1.806193227925156e+01
67 67 1.107077823579095e+02
68 189 -5.577683145687940e+01
68 79 -1.657000035343628e+01
68 69 -3.103431564614155e+01
68 67 -2.877436139646320e+01
68 57 -1.520079570807413e+01
68 68 1.473563045609946e+02
69 190 -7.725506642264824e+01
69 80 -2.027401193525573e+01
69 70 -2.307735764651209e+01
69 68 -3.103431564614155e+01
69 58 -1.013884100842552e+01
69 69 1.617795926589831e+02
70 191 -6.309223657488980e+01
70 81 -2.024025652166236e+01
70 71 -1.960380218350419e+01
70 69 -2.307735764651209e+01
70 59 -1.489512543443781e+01
70 70 1.409087783610063e+02
71 192 -6.710814183852084e+01
71 82 -1.642869589783024e+01
71 72 -1.894261414281062e+01
71 70 -1.960380218350419e+01
71 60 -1.146472682161725e+01
71 71 1.335479808842831e+02
72 193 -7.106400839719714e+01
72 83 -2.492744547339243e+01
72 73 -2.479653812695759e+01
72 71 -1.894261414281062e+01
72 61 -1.418245995265272e+01
72 72 1.539130660930105e+02
73 194 -6.718536698770406e+01
73 84 -2.233245607009798e+01
73 74 -1.987045882420781e+01
73 72 -2.479653812695759e+01
73 62 -1.263202109607342e+01
73 73 1.468168411050409e+02
74 195 -9.313427412277805e+01
74 85 -2.329747573161762e+01
74 75 -1.566892783673882e+01
74 73 -1.987045882420781e+01
74 63 -7.579195207012886e+00
74 74 1.595503317223552e+02
75 196 -4.825731095700945e+01
75 86 -1.498211998076833e+01
75 76 -3.341468508202639e+01
75 74 -1.566892783673882e+01
75 64 -7.571220764990806e+00
75 75 1.198942646215338e+02
76 197 -7.032943918553450e+01
76 87 -2.263125372237889e+01
76 77 -1.867993432095224e+01
76 75 -3.341468508202639e+01
76 65 -2.142289177583578e+01
76 76 1.664782040867278e+02
77 198 -6.197307670989450e+01
77 88 -1.863651706579651e+01
77 76 -1.867993432095224e+01
77 66 -1.523351932075593e+01
77 77 1.145230474173992e+02
78 199 -5.760867350796699e+01
78 89 -1.254309401681269e+01
78 79 -1.964840154378149e+01
78 67 -1.582075142666398e+01
78 78 1.056209204952252e+02
79 200 -4.907371776091448e+01
79 90 -1.617722273815452e+01
79 80 -2.996205604947624e+01
79 78 -1.964840154378149e+01
79 68 -1.657000035343628e+01
79 79 1.314313984457630e+02
80 201 -4.278862934491831e+01
80 91 -1.061590217765778e+01
80 81 -2.350205304666626e+01
80 79 -2.996205604947624e+01
80 69 -2.027401193525573e+01
80 80 1.271426525539743e+02
81 202 -4.399950233157256e+01
81 92 -1.201998254516289e+01
81 82 -1.725074496112026e+01
81 80 -2.350205304666626e+01
81 70 -2.024025652166236e+01
81 81 1.170125394061843e+02
82 203 -4.052917133506957e+01
82 93 -2.099765063001731e+01
82 83 -3.494778934025856e+01
82 81 -1.725074496112026e+01
82 71 -1.642869589783024e+01
82 82 1.301540521642960e+02
83 204 -6.003597262086734e+01
83 94 -1.947593988654921e+01
83 84 -1.689991766652660e+01
83 82 -3.494778934025856e+01
83 72 -2.492744547339243e+01
83 83 1.562870649875941e+02
84 205 -5.365326402095494e+01
84 95 -1.987292084184214e+01
84 85 -1.397600776974890e+01
84 83 -1.689991766652660e+01
84 73 -2.233245607009798e+01
84 84 1.267345663691706e+02
85 206 -4.279410395150783e+01
85 96 -1.350017243825228e+01
85 86 -1.400109997002839e+01
85 84 -1.397600776974890e+01
85 74 -2.329747573161762e+01
85 85 1.075688598611550e+02
86 207 -3.173383559832456e+01
86 97 -7.832773230155995e+00
86 87 -2.752984830548319e+01
86 85 -1.400109997002839e+01
86 75 -1.498211998076833e+01
86 86 9.607967708476046e+01
87 208 -3.980027333795898e+01
87 98 -1.910337772850390e+01
87 88 -3.193176520409432e+01
87 86 -2.752984830548319e+01
87 76 -2.263125372237889e+01
87 87 1.409965182984193e+02
88 209 -6.428661363020852e+01
88 99 -1.710291189018003e+01
88 87 -3.193176520409432e+01
88 77 -1.863651706579651e+01
88 88 1.319578077902794e+02
89 210 -5.565989711764023e+01
89 100 -1.519569508850007e+01
89 90 -2.303988367630368e+01
89 78 -1.254309401681269e+01
89 89 1.064385698992567e+02
90 211 -6.252220244912215e+01
90 101 -1.737105845197942e+01
90 91 -2.525260205207399e+01
90 89 -2.303988367630368e+01
90 79 -1.617722273815452e+01
90 90 1.443629693676338e+02
91 212 -4.978678884054051e+01
91 102 -1.033684619091246e+01
91 92 -2.732351811562000e+01
91 90 -2.525260205207399e+01
91 80 -1.061590217765778e+01
91 91 1.233156573768048e+02
92 213 -6.424614368933507e+01
92 103 -1.710910992287534e+01
92 93 -2.204596078009526e+01
92 91 -2.732351811562000e+01
92 81 -1.201998254516289e+01
92 92 1.427447150530886e+02
93 214 -5.177067351738312e+01
93 104 -1.155469591494281e+01
93 94 -2.185581651665790e+01
93 92 -2.204596078009526e+01
93 82 -2.099765063001731e+01
93 93 1.282247973590964e+02
94 215 -4.001012762049893e+01
94 105 -1.685780777296672e+01
94 95 -2.984714179933422e+01
94 93 -2.185581651665790e+01
94 83 -1.947593988654921e+01
94 94 1.280468335960070e+02
95 216 -6.938034803974458e+01
95 106 -1.433026610043222e+01
95 96 -1.342929970508253e+01
95 94 -2.984714179933422e+01
95 84 -1.987292084184214e+01
95 95 1.468599764864357e+02
96 217 -5.233901840428988e+01
96 107 -1.534283297951368e+01
96 97 -2.100620926491158e+01
96 95 -1.342929970508253e+01
96 85 -1.350017243825228e+01
96 96 1.156175327920500e+02
97 218 -5.593302365492220e+01
97 108 -1.031160876141294e+01
97 98 -2.663092398530208e+01
97 96 -2.100620926491158e+01
97 86 -7.832773230155995e+00
97 97 1.217145388967048e+02
98 219 -5.062871215994516e+01
98 109 -1.724343607581246e+01
98 99 -2.914301496864421e+01
98 97 -2.663092398530208e+01
98 87 -1.910337772850390e+01
98 98 1.427494649182078e+02
99 220 -6.738410915953747e+01
99 110 -1.782850079385462e+01
99 98 -2.914301496864421e+01
99 88 -1.710291189018003e+01
99 99 1.314585368122163e+02
100 221 -5.383630667601151e+01
100 111 -1.240234027274806e+01
100 101 -2.109741275967741e+01
100 89 -1.519569508850007e+01
100 100 1.025317547969371e+02
101 222 -4.714362782653276e+01
101 112 -1.556240801525682e+01
101 102 -2.819350747155613e+01
101 100 -2.109741275967741e+01
101 90 -1.737105845197942e+01
101 101 1.293680145250025e+02
102 223 -5.728294395681009e+01
102 113 -1.362974056142865e+01
102 103 -2.718066257631306e+01
102 101 -2.819350747155613e+01
102 91 -1.033684619091246e+01
102 102 1.366237007570204e+02
103 224 -6.178660782263842e+01
103 114 -2.096529049717958e+01
103 104 -2.283365084544713e+01
103 102 -2.718066257631306e+01
103 92 -1.710910992287534e+01
103 103 1.498753216644535e+02
104 225 -5.534002969987625e+01
104 115 -1.457601919649533e+01
104 105 -2.285702008366887e+01
104 103 -2.283365084544713e+01
104 93 -1.155469591494281e+01
104 104 1.271614157404304e+02
105 226 -6.695740387614342e+01
105 116 -2.466069080668311e+01
105 106 -2.413447227210028e+01
105 104 -2.285702008366887e+01
105 94 -1.685780777296672e+01
105 105 1.554673948115624e+02
106 227 -5.516043255852605e+01
106 117 -1.688489651418795e+01
106 107 -2.188565786263105e+01
106 105 -2.413447227210028e+01
106 95 -1.433026610043222e+01
106 106 1.323957253078775e+02
107 228 -5.964381824650974e+01
107 118 -1.702174337958957e+01
107 108 -2.400362429204377e+01
107 106 -2.188565786263105e+01
107 96 -1.534283297951368e+01
107 107 1.378976767602878e+02
108 229 -6.531704105524520e+01
108 119 -2.244462141628140e+01
108 109 -2.997340065569368e+01
108 107 -2.400362429204377e+01
108 97 -1.031160876141294e+01
108 108 1.520502961806770e+02
109 230 -6.267455797574293e+01
109 120 -2.044735076093830e+01
109 110 -2.972992121859549e+01
109 108 -2.997340065569368e+01
109 98 -1.724343607581246e+01
109 109 1.600686666867828e+02
110 231 -5.542960955293270e+01
110 121 -1.517658900939599e+01
110 109 -2.972992121859549e+01
110 99 -1.782850079385462e+01
110 110 1.181646205747788e+02
111 232 -6.525356789609397e+01
111 112 -2.010623472186839e+01
111 100 -1.240234027274806e+01
111 111 9.776214289071042e+01
112 233 -5.087683648529548e+01
112 113 -2.525163834812280e+01
112 111 -2.010623472186839e+01
112 101 -1.556240801525682e+01
112 112 1.117971175705435e+02
113 234 -5.082352866025677e+01
113 114 -2.722231322417977e+01
113 112 -2.525163834812280e+01
113 102 -1.362974056142865e+01
113 113 1.169272207939880e+02
114 235 -5.609101893638032e+01
114 115 -2.731740740228370e+01
114 113 -2.722231322417977e+01
114 103 -2.096529049717958e+01
114 114 1.315960300600234e+02
115 236 -4.813231674496406e+01
115 116 -2.897535299929525e+01
115 114 -2.731740740228370e+01
115 104 -1.457601919649533e+01
115 115 1.190010963430383e+02
116 237 -5.914314763033234e+01
116 117 -1.425259477934304e+01
116 115 -2.897535299929525e+01
116 105 -2.466069080668311e+01
116 116 1.270317862156537e+02
117 238 -3.761912446471523e+01
117 118 -2.868802465490496e+01
117 116 -1.425259477934304e+01
117 106 -1.688489651418795e+01
117 117 9.744464041315118e+01
118 239 -5.855784091520956e+01
118 119 -1.888847250713470e+01
118 117 -2.868802465490496e+01
118 107 -1.702174337958957e+01
118 118 1.231560814568388e+02
119 240 -4.647362116561077e+01
119 120 -1.723013822953686e+01
119 118 -1.888847250713470e+01
119 108 -2.244462141628140e+01
119 119 1.050368533185637e+02
120 241 -5.257500846210532e+01
120 121 -1.928341618156794e+01
120 119 -1.723013822953686e+01
120 109 -2.044735076093830e+01
120 120 1.095359136341484e+02
121 242 -5.099393404132137e+01
121 120 -1.928341618156794e+01
121 110 -1.517658900939599e+01
121 121 8.545393923228531e+01
122 243 -6.335365497544181e+01
122 133 -2.158137125407831e+01
122 123 -2.351852282414295e+01
122 1 -5.663041667308904e+01
122 122 1.650839657267521e+02
123 244 -5.191443512097781e+01
123 134 -1.261922984975963e+01
123 124 -1.949833835079836e+01
123 122 -2.351852282414295e+01
123 2 -5.749993720074675e+01
123 123 1.650504633464255e+02
124 245 -6.382605387710421e+01
124 135 -7.188759214928298e+00
124 125 -1.623027370251453e+01
124 123 -1.949833835079836e+01
124 3 -6.939269721108494e+01
124 124 1.761361223564303e+02
125 246 -4.589092884192882e+01
125 136 -1.071917348098422e+01
125 126 -2.225848860252105e+01
125 124 -1.623027370251453e+01
125 4 -5.871311800419237e+01
125 125 1.538119826321410e+02
126 247 -4.690469265846287e+01
126 137 -1.176769889355804e+01
126 127 -3.214340025483759e+01
126 125 -2.225848860252105e+01
126 5 -6.040265073929719e+01
126 126 1.734769311486767e+02
127 248 -5.830852655788587e+01
127 138 -1.692893537787069e+01
127 128 -2.843843939703106e+01
127 126 -3.214340025483759e+01
127 6 -5.029205158432567e+01
127 127 1.861113531719509e+02
128 249 -6.758633948191886e+01
128 139 -1.373999674100743e+01
128 129 -1.604996918413048e+01
128 127 -2.843843939703106e+01
128 7 -5.885677900144233e+01
128 128 1.846715238055302e+02
129 250 -4.615746500905346e+01
129 140 -1.291733182772384e+01
129 130 -2.781956221463214e+01
129 128 -1.604996918413048e+01
129 8 -5.368462502938553e+01
129 129 1.566289532649254e+02
130 251 -5.167729470182137e+01
130 141 -1.483470832451629e+01
130 131 -1.740940940884945e+01
130 129 -2.781956221463214e+01
130 9 -4.129157292439007e+01
130 130 1.530325475742093e+02
131 132 -1.762339235326199e+01
131 130 -1.740940940884945e+01
131 10 -5.436187939751927e+01
131 252 -5.522261031109352e+01
131 131 1.589033738026481e+02
131 142 -1.428608233192390e+01
132 131 -1.762339235326199e+01
132 11 -5.646962915735380e+01
132 253 -4.678411711072543e+01
132 132 1.299790374184387e+02
132 143 -9.101898797097519e+00
133 122 -2.158137125407831e+01
133 12 -5.587179755834498e+01
133 254 -6.383187732741281e+01
133 144 -1.730187224246565e+01
133 133 1.762519875314045e+02
133 134 -1.766506914910272e+01
134 123 -1.261922984975963e+01
134 13 -4.560601591475828e+01
134 255 -4.392255269448123e+01
134 145 -1.222173009988984e+01
134 135 -2.267335824341190e+01
134 133 -1.766506914910272e+01
134 134 1.547079559514036e+02
135 124 -7.188759214928298e+00
135 14 -5.208081136304155e+01
135 256 -7.801221055713754e+01
135 146 -1.508702540719249e+01
135 136 -1.335950612881719e+01
135 134 -2.267335824341190e+01
135 135 1.884016709145290e+02
136 125 -1.071917348098422e+01
136 15 -6.653327034690865e+01
136 257 -4.693445430786423e+01
136 147 -4.965346994962382e+00
136 137 -2.125149814770065e+01
136 135 -1.335950612881719e+01
136 136 1.637632494072373e+02
137 126 -1.176769889355804e+01
137 16 -6.844699626198292e+01
137 258 -4.738889707609412e+01
137 148 -1.101857812527672e+01
137 138 -3.110569503519157e+01
137 136 -2.125149814770065e+01
137 137 1.909793635398040e+02
138 127 -1.692893537787069e+01
138 17 -5.651644779063492e+01
138 259 -4.214097877080918e+01
138 149 -7.955789441967166e+00
138 139 -3.481121016955774e+01
138 137 -3.110569503519157e+01
138 138 1.894590565860313e+02
139 128 -1.373999674100743e+01
139 18 -5.621657043142896e+01
139 260 -5.953859675449683e+01
139 150 -1.703502254182868e+01
139 140 -1.995021166766584e+01
139 138 -3.481121016955774e+01
139 139 2.012916083059854e+02
140 129 -1.291733182772384e+01
140 19 -6.601224238808688e+01
140 261 -5.049916329286282e+01
140 151 -1.508320483797650e+01
140 141 -3.509511059009716e+01
140 139 -1.995021166766584e+01
140 140 1.995572646044130e+02
141 130 -1.483470832451629e+01
141 20 -4.105067542186391e+01
141 262 -5.951763144502932e+01
141 152 -1.308895843998925e+01
141 142 -1.732363037344750e+01
141 140 -3.509511059009716e+01
141 141 1.809107145949434e+02
142 21 -6.598755040219029e+01
142 263 -5.924832755890649e+01
142 153 -1.526060824834585e+01
142 143 -1.275778852710114e+01
142 141 -1.732363037344750e+01
142 131 -1.428608233192390e+01
142 142 1.848639874419152e+02
143 22 -4.790961462593583e+01
143 264 -5.678016878402920e+01
143 154 -2.028949982783627e+01
143 142 -1.275778852710114e+01
143 132 -9.101898797097519e+00
143 143 1.468389705620000e+02
144 23 -6.000358128833862e+01
144 265 -5.169196677780830e+01
144 155 -1.506779928818123e+01
144 145 -2.459940465359007e+01
144 133 -1.730187224246565e+01
144 144 1.686646242503839e+02
145 24 -4.755789582006449e+01
145 266 -4.169784894116557e+01
145 156 -5.843103070610314e+00
145 146 -2.423948334650706e+01
145 144 -2.459940465359007e+01
145 134 -1.222173009988984e+01
145 145 1.561594659318274e+02
146 25 -5.314114739794425e+01
146 267 -6.112132818236458e+01
146 157 -2.012202152909639e+01
146 147 -1.779016625510845e+01
146 145 -2.423948334650706e+01
146 135 -1.508702540719249e+01
146 146 1.915011721182132e+02
147 26 -4.728763248403482e+01
147 268 -5.883648824943346e+01
147 158 -1.397036098645707e+01
147 148 -2.610244627195947e+01
147 146 -1.779016625510845e+01
147 136 -4.965346994962382e+00
147 147 1.689524412419556e+02
148 27 -6.663201536327814e+01
148 269 -6.800085762197898e+01
148 159 -1.109856175492139e+01
148 149 -2.238665449524003e+01
148 147 -2.610244627195947e+01
148 137 -1.101857812527672e+01
148 148 2.052391136326547e+02
149 28 -5.784490758069769e+01
149 270 -4.081391532175781e+01
149 160 -6.257355589412525e+00
149 150 -3.732624930356474e+01
149 148 -2.238665449524003e+01
149 138 -7.955789441967166e+00
149 149 1.725848717326400e+02
150 29 -5.163935998065013e+01
150 271 -6.493522882700239e+01
150 161 -2.444805296020050e+01
150 151 -2.355989854665432e+01
150 149 -3.732624930356474e+01
150 139 -1.703502254182868e+01
150 150 2.189438121599008e+02
151 30 -6.565287866148012e+01
151 272 -7.109953460148155e+01
151 162 -3.417775241637915e+01
151 152 -2.827233669466402e+01
151 150 -2.355989854665432e+01
151 140 -1.508320483797650e+01
151 151 2.378456057586356e+02
152 31 -3.161608250007823e+01
152 273 -6.632664114059973e+01
152 163 -1.545161700644783e+01
152 153 -8.291728640345669e+00
152 151 -2.827233669466402e+01
152 141 -1.308895843998925e+01
152 152 1.630473644221247e+02
153 32 -8.059058183410588e+01
153 274 -3.957500281455000e+01
153 164 -9.173228924685869e+00
153 154 -2.536947127017695e+01
153 152 -8.291728640345669e+00
153 142 -1.526060824834585e+01
153 153 1.782606217322102e+02
154 33 -6.492700636975482e+01
154 275 -4.749103385736296e+01
154 165 -1.309760247815797e+01
154 153 -2.536947127017695e+01
154 143 -2.028949982783627e+01
154 154 1.711746138032890e+02
155 34 -6.325985551277847e+01
155 276 -6.305507167322551e+01
155 166 -1.659792317003130e+01
155 156 -1.905965735603211e+01
155 144 -1.506779928818123e+01
155 155 1.770403070002486e+02
156 35 -5.520371758720785e+01
156 277 -4.666538068580629e+01
156 167 -5.403611704883419e+00
156 157 -3.090820858821959e+01
156 155 -1.905965735603211e+01
156 145 -5.843103070610314e+00
156 156 1.630836789927596e+02
157 36 -6.490539764729873e+01
157 278 -5.607067320167928e+01
157 168 -1.687764601551584e+01
157 158 -2.041220903077698e+01
157 156 -3.090820858821959e+01
157 146 -2.012202152909639e+01
157 157 2.092961560125868e+02
158 37 -4.076037600275350e+01
158 279 -4.541279043995186e+01
158 169 -6.925228589445810e+00
158 159 -1.484136439934262e+01
158 157 -2.041220903077698e+01
158 147 -1.397036098645707e+01
158 158 1.423223294487279e+02
159 38 -7.402142668392941e+01
159 280 -6.048692186774344e+01
159 170 -1.001332578368731e+01
159 160 -1.694385761469691e+01
159 158 -1.484136439934262e+01
159 148 -1.109856175492139e+01
159 159 1.874054581043211e+02
160 39 -6.108541764727646e+01
160 281 -5.626323737109104e+01
160 171 -6.919961993719505e+00
160 161 -2.660682628613484e+01
160 159 -1.694385761469691e+01
160 149 -6.257355589412525e+00
160 160 1.740766565023313e+02
161 40 -6.540179014340872e+01
161 282 -4.054215054719072e+01
161 172 -8.259580289742361e+00
161 162 -3.261313878569945e+01
161 160 -2.660682628613484e+01
161 150 -2.444805296020050e+01
161 161 1.978715390123766e+02
162 41 -5.907535743165358e+01
162 283 -5.279970467423453e+01
162 173 -1.779992678063769e+01
162 163 -1.680396687391602e+01
162 161 -3.261313878569945e+01
162 151 -3.417775241637915e+01
162 162 2.132698469625204e+02
163 42 -4.493131146343953e+01
163 284 -5.573156965600494e+01
163 174 -2.409607088426989e+01
163 164 -1.833595058370727e+01
163 162 -1.680396687391602e+01
163 152 -1.545161700644783e+01
163 163 1.753504864677855e+02
164 43 -4.932643321494263e+01
164 285 -6.279981020415064e+01
164 175 -2.962469886329269e+01
164 165 -3.190984349229528e+01
164 163 -1.833595058370727e+01
164 153 -9.173228924685869e+00
164 164 2.011699652830744e+02
165 44 -4.809530936238285e+01
165 286 -5.945740821557674e+01
165 176 -2.031594728215326e+01
165 164 -3.190984349229528e+01
165 154 -1.309760247815797e+01
165 165 1.728761108305661e+02
166 45 -4.574169260405185e+01
166 287 -5.946094008556143e+01
166 177 -1.508373743594625e+01
166 167 -1.307099126384667e+01
166 155 -1.659792317003130e+01
166 166 1.499552845594375e+02
167 46 -5.094762098202246e+01
167 288 -5.526510005270353e+01
167 178 -1.673926344955083e+01
167 168 -3.655195894846854e+01
167 166 -1.307099126384667e+01
167 156 -5.403611704883419e+00
167 167 1.779785464014755e+02
168 47 -6.101713188040575e+01
168 289 -5.813245282376340e+01
168 179 -1.049434364811702e+01
168 169 -2.183179741220775e+01
168 167 -3.655195894846854e+01
168 157 -1.687764601551584e+01
168 168 2.049053307284783e+02
169 48 -3.949428430930659e+01
169 290 -5.944241290581286e+01
169 180 -1.337378985274124e+01
169 170 -1.290921581772523e+01
169 168 -2.183179741220775e+01
169 158 -6.925228589445810e+00
169 169 1.539767288872395e+02
170 49 -3.644598237652813e+01
170 291 -4.659405517890890e+01
170 181 -1.984162930509587e+01
170 171 -1.341432504577598e+01
170 169 -1.290921581772523e+01
170 159 -1.001332578368731e+01
170 170 1.392185335077214e+02
171 50 -4.617318669481092e+01
171 292 -7.175597064263724e+01
171 182 -1.961328918507267e+01
171 172 -1.357239322832518e+01
171 170 -1.341432504577598e+01
171 160 -6.919961993719505e+00
171 171 1.714491267903415e+02
172 51 -5.585488499457282e+01
172 293 -5.503392892707329e+01
172 183 -1.688929722199757e+01
172 173 -1.873487487782473e+01
172 171 -1.357239322832518e+01
172 161 -8.259580289742361e+00
172 172 1.683449595395359e+02
173 52 -5.274875465359900e+01
173 294 -4.801269704352318e+01
173 184 -1.042215317583525e+01
173 174 -1.769426736344758e+01
173 172 -1.873487487782473e+01
173 162 -1.779992678063769e+01
173 173 1.654126738948675e+02
174 53 -7.593104573206045e+01
174 295 -5.066633743922629e+01
174 185 -2.209650409232864e+01
174 175 -3.560638841820438e+01
174 173 -1.769426736344758e+01
174 163 -2.409607088426989e+01
174 174 2.260906139295372e+02
175 54 -6.165096875734724e+01
175 296 -4.932182300181931e+01
175 186 -1.900717546047790e+01
175 176 -3.927055744693135e+01
175 174 -3.560638841820438e+01
175 164 -2.962469886329269e+01
175 175 2.344816119480729e+02
176 55 -5.622729838985871e+01
176 297 -5.382425050946308e+01
176 187 -1.225059348054881e+01
176 175 -3.927055744693135e+01
176 165 -2.031594728215326e+01
176 176 1.818886471089552e+02
177 56 -6.417015846215635e+01
177 298 -5.381262725097113e+01
177 188 -7.401650314047828e+00
177 178 -1.525638282764532e+01
177 166 -1.508373743594625e+01
177 177 1.557245562907669e+02
178 57 -6.213921701203655e+01
178 299 -5.788017176807824e+01
178 189 -8.959406563588558e+00
178 179 -1.103795506679183e+01
178 177 -1.525638282764532e+01
178 167 -1.673926344955083e+01
178 178 1.720123966876913e+02
179 58 -4.308165380576997e+01
179 300 -5.124735847700644e+01
179 190 -1.975604689765010e+01
179 180 -1.856919088306414e+01
179 178 -1.103795506679183e+01
179 168 -1.049434364811702e+01
179 179 1.541865487783995e+02
180 59 -4.923854366437024e+01
180 301 -6.709138377522113e+01
180 191 -2.522476800196044e+01
180 181 -1.988335959917069e+01
180 179 -1.856919088306414e+01
180 169 -1.337378985274124e+01
180 180 1.933810357765279e+02
181 60 -6.806997674083821e+01
181 302 -5.225945825305803e+01
181 192 -1.481230401449914e+01
181 182 -3.278973156610232e+01
181 180 -1.988335959917069e+01
181 170 -1.984162930509587e+01
181 181 2.076564594787642e+02
182 61 -4.738837230205135e+01
182 303 -6.844286251989378e+01
182 193 -1.672044838901790e+01
182 183 -1.638349722869086e+01
182 181 -3.278973156610232e+01
182 171 -1.961328918507267e+01
182 182 2.013382011908289e+02
183 62 -6.098569000344661e+01
183 304 -5.517783440330897e+01
183 194 -1.297006451295593e+01
183 184 -1.756968671240498e+01
183 182 -1.638349722869086e+01
183 172 -1.688929722199757e+01
183 183 1.799760700828049e+02
184 63 -6.013261902317766e+01
184 305 -5.237476913452726e+01
184 195 -2.305620854679240e+01
184 185 -3.194892288653019e+01
184 183 -1.756968671240498e+01
184 173 -1.042215317583525e+01
184 184 1.955043594792677e+02
185 64 -4.969649368127342e+01
185 306 -5.422266638732584e+01
185 196 -2.066327855860363e+01
185 186 -2.579387934075953e+01
185 184 -3.194892288653019e+01
185 174 -2.209650409232864e+01
185 185 2.044217449468213e+02
186 65 -6.657100336146597e+01
186 307 -6.363927508009778e+01
186 197 -1.476564944378272e+01
186 187 -2.891654702173139e+01
186 185 -2.579387934075953e+01
186 175 -1.900717546047790e+01
186 186 2.186935297083153e+02
187 66 -4.983222380869465e+01
187 308 -4.291046925952845e+01
187 198 -7.646218702725238e+00
187 186 -2.891654702173139e+01
187 176 -1.225059348054881e+01
187 187 1.415560522732285e+02
188 67 -4.805073725553075e+01
188 309 -6.335790070590681e+01
188 199 -1.705580631532882e+01
188 189 -2.220196597465030e+01
188 177 -7.401650314047828e+00
188 188 1.580680605654645e+02
189 68 -5.577683145687940e+01
189 310 -5.155051818679034e+01
189 200 -6.127687328625679e+00
189 190 -1.523631067947978e+01
189 188 -2.220196597465030e+01
189 178 -8.959406563588558e+00
189 189 1.598527201900141e+02
190 69 -7.725506642264824e+01
190 311 -5.688429646476515e+01
190 201 -7.891356454821186e+00
190 191 -1.672861159900273e+01
190 189 -1.523631067947978e+01
190 179 -1.975604689765010e+01
190 190 1.937516885183672e+02
191 70 -6.309223657488980e+01
191 312 -3.805807654454851e+01
191 202 -7.399308423178113e+00
191 192 -2.218888009481141e+01
191 190 -1.672861159900273e+01
191 180 -2.522476800196044e+01
191 191 1.726918812383910e+02
192 71 -6.710814183852084e+01
192 313 -6.241952547468122e+01
192 203 -1.516661617014632e+01
192 193 -2.126081933304740e+01
192 191 -2.218888009481141e+01
192 181 -1.481230401449914e+01
192 192 2.029562869257063e+02
193 72 -7.106400839719714e+01
193 314 -7.823310273371824e+01
193 204 -1.852283496783591e+01
193 194 -2.216481829563902e+01
193 192 -2.126081933304740e+01
193 182 -1.672044838901790e+01
193 193 2.279660321164556e+02
194 73 -6.718536698770406e+01
194 315 -5.625137152387959e+01
194 205 -9.051177115650647e+00
194 195 -2.649622195875270e+01
194 193 -2.216481829563902e+01
194 183 -1.297006451295593e+01
194 194 1.941190203945819e+02
195 74 -9.313427412277805e+01
195 316 -4.980429638430459e+01
195 206 -1.152734242822454e+01
195 196 -4.388262204019077e+01
195 194 -2.649622195875270e+01
195 184 -2.305620854679240e+01
195 195 2.479009654810430e+02
196 75 -4.825731095700945e+01
196 317 -5.859394871958430e+01
196 207 -1.258205103091320e+01
196 197 -2.021680433134115e+01
196 195 -4.388262204019077e+01
196 185 -2.066327855860363e+01
196 196 2.041960156376425e+02
197 76 -7.032943918553450e+01
197 318 -8.009328327123795e+01
197 208 -1.469858420045923e+01
197 198 -1.358237567217788e+01
197 196 -2.021680433134115e+01
197 186 -1.476564944378272e+01
197 197 2.136861361045334e+02
198 77 -6.197307670989450e+01
198 319 -5.516579692490045e+01
198 209 -1.092458206106789e+01
198 197 -1.358237567217788e+01
198 187 -7.646218702725238e+00
198 198 1.492920500707660e+02
199 78 -5.760867350796699e+01
199 320 -6.787166595231372e+01
199 210 -2.245254549366764e+01
199 200 -1.908288532846200e+01
199 188 -1.705580631532882e+01
199 199 1.840715765977392e+02
200 79 -4.907371776091448e+01
200 321 -4.463053402159852e+01
200 211 -1.969883263741684e+01
200 201 -2.999374640247490e+01
200 199 -1.908288532846200e+01
200 189 -6.127687328625679e+00
200 200 1.686074034794924e+02
201 80 -4.278862934491831e+01
201 322 -9.085725107598924e+01
201 212 -2.075545980736104e+01
201 202 -1.214598790836144e+01
201 200 -2.999374640247490e+01
201 190 -7.891356454821186e+00
201 201 2.044324309939261e+02
202 81 -4.399950233157256e+01
202 323 -7.041531181021745e+01
202 213 -2.935815381516914e+01
202 203 -2.651260574127686e+01
202 201 -1.214598790836144e+01
202 191 -7.399308423178113e+00
202 202 1.898308700297756e+02
203 82 -4.052917133506957e+01
203 324 -5.834279550940367e+01
203 214 -1.599412426076667e+01
203 204 -1.431715467684832e+01
203 202 -2.651260574127686e+01
203 192 -1.516661617014632e+01
203 203 1.708624676935114e+02
204 83 -6.003597262086734e+01
204 325 -5.725428574368053e+01
204 215 -1.116041405755648e+01
204 205 -1.926216926602241e+01
204 203 -1.431715467684832e+01
204 193 -1.852283496783591e+01
204 204 1.805528313328110e+02
205 84 -5.365326402095494e+01
205 326 -6.715590410639815e+01
205 216 -1.936140250495863e+01
205 206 -2.779897277574097e+01
205 204 -1.926216926602241e+01
205 194 -9.051177115650647e+00
205 205 1.962828897897257e+02
206 85 -4.279410395150783e+01
206 327 -4.926565859145726e+01
206 217 -1.567199990096562e+01
206 207 -3.233205561944709e+01
206 205 -2.779897277574097e+01
206 195 -1.152734242822454e+01
206 206 1.793901332673433e+02
207 86 -3.173383559832456e+01
207 328 -7.249289466753743e+01
207 218 -2.981130569520160e+01
207 208 -1.219979708293701e+01
207 206 -3.233205561944709e+01
207 196 -1.258205103091320e+01
207 207 1.911519396943609e+02
208 87 -3.980027333795898e+01
208 329 -5.843982907464962e+01
208 219 -2.216052097032593e+01
208 209 -9.760129463092326e+00
208 207 -1.219979708293701e+01
208 197 -1.469858420045923e+01
208 208 1.570591341294231e+02
209 88 -6.428661363020852e+01
209 330 -5.234150158909329e+01
209 220 -1.150101414255272e+01
209 208 -9.760129463092326e+00
209 198 -1.092458206106789e+01
209 209 1.488138408860148e+02
210 89 -5.565989711764023e+01
210 331 -6.052563102150092e+01
210 221 -1.722197695033694e+01
210 211 -1.975518833716224e+01
210 199 -2.245254549366764e+01
210 210 1.756152389203079e+02
211 90 -6.252220244912215e+01
211 332 -4.462003279747105e+01
211 222 -1.433005900773040e+01
211 212 -2.088137424309966e+01
211 210 -1.975518833716224e+01
211 200 -1.969883263741684e+01
211 211 1.818076894720024e+02
212 91 -4.978678884054051e+01
212 333 -4.750210012796953e+01
212 223 -1.711195669098417e+01
212 213 -1.421819112805594e+01
212 211 -2.088137424309966e+01
212 201 -2.075545980736104e+01
212 212 1.702558708380108e+02
213 92 -6.424614368933507e+01
213 334 -4.985922331661389e+01
213 224 -1.435117304832759e+01
213 214 -1.670116873507602e+01
213 212 -1.421819112805594e+01
213 202 -2.935815381516914e+01
213 213 1.887340537325776e+02
214 93 -5.177067351738312e+01
214 335 -4.561092388900419e+01
214 225 -8.012427221149306e+00
214 215 -1.558853273426320e+01
214 213 -1.670116873507602e+01
214 203 -1.599412426076667e+01
214 214 1.536778503576425e+02
215 94 -4.001012762049893e+01
215 336 -5.142011051148626e+01
215 226 -1.637555874688875e+01
215 216 -1.443046347482849e+01
215 214 -1.558853273426320e+01
215 204 -1.116041405755648e+01
215 215 1.489852071455221e+02
216 95 -6.938034803974458e+01
216 337 -4.333846080752812e+01
216 227 -1.122369888847338e+01
216 217 -3.042728612736698e+01
216 215 -1.443046347482849e+01
216 205 -1.936140250495863e+01
216 216 1.881616598429002e+02
217 96 -5.233901840428988e+01
217 338 -4.604839239212458e+01
217 228 -9.649573154137050e+00
217 218 -2.427448856226068e+01
217 216 -3.042728612736698e+01
217 206 -1.567199990096562e+01
217 217 1.784107585411448e+02
218 97 -5.593302365492220e+01
218 339 -4.674080872814486e+01
218 229 -1.569956481608803e+01
218 219 -1.398516556464843e+01
218 217 -2.427448856226068e+01
218 207 -2.981130569520160e+01
